-0.04475532,-0.07019925,-0.1453972 0.02610126,-0.07407689,-0.1139956 0.03324816,-0.05297777,-0.09185702 
-0.04475532,-0.07019925,-0.1453972 0.03324816,-0.05297777,-0.09185702 -0.06610824,-0.05224612,-0.1301672 
-0.1488293,-0.01738235,-0.02851349 -0.1345924,0.0291343,-0.04673165 -0.1075416,0.02484348,-0.07068896 
-0.1488293,-0.01738235,-0.02851349 -0.1075416,0.02484348,-0.07068896 -0.116615,-0.0221954,-0.04721326 
0.03324816,-0.05297777,-0.09185702 0.0404205,-0.04375589,-0.0467779 -0.08976609,-0.04607606,-0.08730251 
0.03324816,-0.05297777,-0.09185702 -0.08976609,-0.04607606,-0.08730251 -0.06610824,-0.05224612,-0.1301672 
-0.06798178,0.07080173,-0.08089703 -0.02558973,0.07003331,-0.06970209 -0.002961248,0.01589304,-0.1313615 
-0.06798178,0.07080173,-0.08089703 -0.002961248,0.01589304,-0.1313615 -0.06604782,0.03844354,-0.1565514 
-0.08976609,-0.04607606,-0.08730251 -0.09172964,-0.0199925,-0.1091565 -0.05783539,-0.04362056,-0.1402357 
-0.08976609,-0.04607606,-0.08730251 -0.05783539,-0.04362056,-0.1402357 -0.06610824,-0.05224612,-0.1301672 
0.04333242,-0.04604569,-0.1045626 0.0457059,-0.02362862,-0.0619905 0.0404205,-0.04375589,-0.0467779 
0.04333242,-0.04604569,-0.1045626 0.0404205,-0.04375589,-0.0467779 0.03324816,-0.05297777,-0.09185702 
-0.07810211,0.140766,-0.06925964 0.02941999,0.1390497,-0.04215252 0.02439152,0.07191643,-0.0523569 
-0.07810211,0.140766,-0.06925964 0.02439152,0.07191643,-0.0523569 -0.02558973,0.07003331,-0.06970209 
-0.07810211,0.140766,-0.06925964 -0.02558973,0.07003331,-0.06970209 -0.06798178,0.07080173,-0.08089703 
0.02941999,0.1390497,-0.04215252 0.04880989,0.07116386,-0.01984733 0.02439152,0.07191643,-0.0523569 
0.05681138,-0.02337182,0.04206932 -0.1488293,-0.01738235,-0.02851349 -0.116615,-0.0221954,-0.04721326 
0.05681138,-0.02337182,0.04206932 -0.116615,-0.0221954,-0.04721326 0.02914168,-0.02589351,0.001712084 
-0.1876334,-0.0009579957,0.0274877 -0.1545373,0.03034043,0.02282941 -0.1345924,0.0291343,-0.04673165 
-0.1876334,-0.0009579957,0.0274877 -0.1345924,0.0291343,-0.04673165 -0.1488293,-0.01738235,-0.02851349 
-0.001289241,-0.01832905,-0.1374 -0.002961248,0.01589304,-0.1313615 0.05883307,0.02875468,-0.1174959 
-0.001289241,-0.01832905,-0.1374 0.05883307,0.02875468,-0.1174959 0.05017498,-0.01937374,-0.1217203 
0.02610126,-0.07407689,-0.1139956 0.03592481,-0.04261798,-0.1408054 0.05017498,-0.01937374,-0.1217203 
0.02610126,-0.07407689,-0.1139956 0.05017498,-0.01937374,-0.1217203 0.04333242,-0.04604569,-0.1045626 
0.02610126,-0.07407689,-0.1139956 0.04333242,-0.04604569,-0.1045626 0.03324816,-0.05297777,-0.09185702 
0.03592481,-0.04261798,-0.1408054 -0.03682439,-0.03880405,-0.1657499 -0.05275352,-0.01728436,-0.1530796 
0.03592481,-0.04261798,-0.1408054 -0.05275352,-0.01728436,-0.1530796 -0.001289241,-0.01832905,-0.1374 
0.03592481,-0.04261798,-0.1408054 -0.001289241,-0.01832905,-0.1374 0.05017498,-0.01937374,-0.1217203 
-0.03682439,-0.03880405,-0.1657499 -0.04475532,-0.07019925,-0.1453972 -0.06610824,-0.05224612,-0.1301672 
-0.03682439,-0.03880405,-0.1657499 -0.06610824,-0.05224612,-0.1301672 -0.05783539,-0.04362056,-0.1402357 
-0.03682439,-0.03880405,-0.1657499 -0.05783539,-0.04362056,-0.1402357 -0.05275352,-0.01728436,-0.1530796 
-0.03682439,-0.03880405,-0.1657499 0.03592481,-0.04261798,-0.1408054 0.02610126,-0.07407689,-0.1139956 
-0.03682439,-0.03880405,-0.1657499 0.02610126,-0.07407689,-0.1139956 -0.04475532,-0.07019925,-0.1453972 
-0.1035318,0.02360448,-0.1138281 -0.06798178,0.07080173,-0.08089703 -0.06604782,0.03844354,-0.1565514 
0.0457059,-0.02362862,-0.0619905 0.06283905,0.01775756,-0.07375532 0.02439152,0.07191643,-0.0523569 
0.0457059,-0.02362862,-0.0619905 0.02439152,0.07191643,-0.0523569 0.03821513,0.02114534,-0.02176362 
0.0457059,-0.02362862,-0.0619905 0.03821513,0.02114534,-0.02176362 0.06640609,-0.06812429,-0.02657336 
0.0457059,-0.02362862,-0.0619905 0.06640609,-0.06812429,-0.02657336 0.0404205,-0.04375589,-0.0467779 
-0.1282148,-0.06274676,-0.08129805 -0.116615,-0.0221954,-0.04721326 -0.1075416,0.02484348,-0.07068896 
0.03821513,0.02114534,-0.02176362 0.02914168,-0.02589351,0.001712084 0.06640609,-0.06812429,-0.02657336 
0.0404205,-0.04375589,-0.0467779 0.02914168,-0.02589351,0.001712084 -0.116615,-0.0221954,-0.04721326 
0.0404205,-0.04375589,-0.0467779 -0.116615,-0.0221954,-0.04721326 -0.08976609,-0.04607606,-0.08730251 
-0.116615,-0.0221954,-0.04721326 -0.1282148,-0.06274676,-0.08129805 -0.08976609,-0.04607606,-0.08730251 
0.0404205,-0.04375589,-0.0467779 0.06640609,-0.06812429,-0.02657336 0.02914168,-0.02589351,0.001712084 
-0.1361081,0.1568315,0.01062173 -0.09782434,0.2025158,0.001726508 -0.07810211,0.140766,-0.06925964 
-0.1361081,0.1568315,0.01062173 -0.07810211,0.140766,-0.06925964 -0.1108119,0.08192107,-0.06059521 
0.05375594,0.02825829,0.01767576 0.04880989,0.07116386,-0.01984733 -0.1108119,0.08192107,-0.06059521 
0.05375594,0.02825829,0.01767576 -0.1108119,0.08192107,-0.06059521 -0.1345924,0.0291343,-0.04673165 
-0.09782434,0.2025158,0.001726508 -0.04083574,0.2151251,0.01960295 -0.07810211,0.140766,-0.06925964 
0.01844225,0.1976634,0.03185284 0.04221161,0.1417823,0.05948138 0.04880989,0.07116386,-0.01984733 
0.01844225,0.1976634,0.03185284 0.04880989,0.07116386,-0.01984733 0.02941999,0.1390497,-0.04215252 
0.04221161,0.1417823,0.05948138 -0.1361081,0.1568315,0.01062173 -0.1108119,0.08192107,-0.06059521 
0.04221161,0.1417823,0.05948138 -0.1108119,0.08192107,-0.06059521 0.04880989,0.07116386,-0.01984733 
-0.152473,0.1528996,0.06792802 -0.1266697,0.2084552,0.113825 -0.1490722,0.1698746,0.07476562 
-0.152473,0.1528996,0.06792802 -0.1490722,0.1698746,0.07476562 -0.09782434,0.2025158,0.001726508 
-0.152473,0.1528996,0.06792802 -0.09782434,0.2025158,0.001726508 -0.1361081,0.1568315,0.01062173 
-0.1545373,0.03034043,0.02282941 0.04491377,0.0368211,0.0947054 0.05375594,0.02825829,0.01767576 
-0.1545373,0.03034043,0.02282941 0.05375594,0.02825829,0.01767576 -0.1345924,0.0291343,-0.04673165 
0.04491377,0.0368211,0.0947054 0.06432807,0.001715958,0.1121643 0.05681138,-0.02337182,0.04206932 
0.04491377,0.0368211,0.0947054 0.05681138,-0.02337182,0.04206932 0.05375594,0.02825829,0.01767576 
0.06432807,0.001715958,0.1121643 -0.1876334,-0.0009579957,0.0274877 -0.1488293,-0.01738235,-0.02851349 
0.06432807,0.001715958,0.1121643 -0.1488293,-0.01738235,-0.02851349 0.05681138,-0.02337182,0.04206932 
0.06432807,0.001715958,0.1121643 0.04491377,0.0368211,0.0947054 -0.1545373,0.03034043,0.02282941 
0.06432807,0.001715958,0.1121643 -0.1545373,0.03034043,0.02282941 -0.1876334,-0.0009579957,0.0274877 
-0.06103384,-0.02243602,-0.143878 -0.05275352,-0.01728436,-0.1530796 -0.05783539,-0.04362056,-0.1402357 
-0.1035318,0.02360448,-0.1138281 -0.09172964,-0.0199925,-0.1091565 -0.08976609,-0.04607606,-0.08730251 
-0.1035318,0.02360448,-0.1138281 -0.08976609,-0.04607606,-0.08730251 -0.1282148,-0.06274676,-0.08129805 
-0.1035318,0.02360448,-0.1138281 -0.1282148,-0.06274676,-0.08129805 -0.1075416,0.02484348,-0.07068896 
-0.1035318,0.02360448,-0.1138281 -0.1075416,0.02484348,-0.07068896 -0.06798178,0.07080173,-0.08089703 
0.04914279,-0.01302597,-0.07110488 0.06122395,0.008561611,-0.07936144 0.06283905,0.01775756,-0.07375532 
0.04914279,-0.01302597,-0.07110488 0.06283905,0.01775756,-0.07375532 0.0457059,-0.02362862,-0.0619905 
0.06283905,0.01775756,-0.07375532 0.05883307,0.02875468,-0.1174959 0.02439152,0.07191643,-0.0523569 
-0.001289241,-0.01832905,-0.1374 -0.05275352,-0.01728436,-0.1530796 -0.06604782,0.03844354,-0.1565514 
-0.001289241,-0.01832905,-0.1374 -0.06604782,0.03844354,-0.1565514 -0.002961248,0.01589304,-0.1313615 
-0.02558973,0.07003331,-0.06970209 0.02439152,0.07191643,-0.0523569 0.05883307,0.02875468,-0.1174959 
-0.02558973,0.07003331,-0.06970209 0.05883307,0.02875468,-0.1174959 -0.002961248,0.01589304,-0.1313615 
-0.06103384,-0.02243602,-0.143878 -0.07734448,0.02397451,-0.1427987 -0.06604782,0.03844354,-0.1565514 
-0.06103384,-0.02243602,-0.143878 -0.06604782,0.03844354,-0.1565514 -0.05275352,-0.01728436,-0.1530796 
-0.07734448,0.02397451,-0.1427987 -0.09391668,0.02017593,-0.1256831 -0.1035318,0.02360448,-0.1138281 
-0.07734448,0.02397451,-0.1427987 -0.1035318,0.02360448,-0.1138281 -0.06604782,0.03844354,-0.1565514 
-0.09391668,0.02017593,-0.1256831 -0.08716646,-0.012108,-0.1163173 -0.09172964,-0.0199925,-0.1091565 
-0.09391668,0.02017593,-0.1256831 -0.09172964,-0.0199925,-0.1091565 -0.1035318,0.02360448,-0.1138281 
-0.08716646,-0.012108,-0.1163173 -0.06103384,-0.02243602,-0.143878 -0.05783539,-0.04362056,-0.1402357 
-0.08716646,-0.012108,-0.1163173 -0.05783539,-0.04362056,-0.1402357 -0.09172964,-0.0199925,-0.1091565 
-0.04079865,-0.01798606,-0.1270176 -0.06150104,0.02449372,-0.1315038 -0.07734448,0.02397451,-0.1427987 
-0.04079865,-0.01798606,-0.1270176 -0.07734448,0.02397451,-0.1427987 -0.06103384,-0.02243602,-0.143878 
-0.06150104,0.02449372,-0.1315038 -0.07004109,0.01828319,-0.1097375 -0.09391668,0.02017593,-0.1256831 
-0.06150104,0.02449372,-0.1315038 -0.09391668,0.02017593,-0.1256831 -0.07734448,0.02397451,-0.1427987 
-0.07004109,0.01828319,-0.1097375 -0.07126386,-0.008494854,-0.1067098 -0.08716646,-0.012108,-0.1163173 
-0.07004109,0.01828319,-0.1097375 -0.08716646,-0.012108,-0.1163173 -0.09391668,0.02017593,-0.1256831 
-0.07126386,-0.008494854,-0.1067098 -0.04079865,-0.01798606,-0.1270176 -0.06103384,-0.02243602,-0.143878 
-0.07126386,-0.008494854,-0.1067098 -0.06103384,-0.02243602,-0.143878 -0.08716646,-0.012108,-0.1163173 
0.06122395,0.008561611,-0.07936144 0.05898667,0.01479334,-0.09938234 0.05883307,0.02875468,-0.1174959 
0.06122395,0.008561611,-0.07936144 0.05883307,0.02875468,-0.1174959 0.06283905,0.01775756,-0.07375532 
0.05898667,0.01479334,-0.09938234 0.05054292,-0.02596775,-0.1045886 0.05017498,-0.01937374,-0.1217203 
0.05898667,0.01479334,-0.09938234 0.05017498,-0.01937374,-0.1217203 0.05883307,0.02875468,-0.1174959 
0.05054292,-0.02596775,-0.1045886 0.04333242,-0.04604569,-0.1045626 0.05017498,-0.01937374,-0.1217203 
0.05054292,-0.02596775,-0.1045886 0.04914279,-0.01302597,-0.07110488 0.0457059,-0.02362862,-0.0619905 
0.05054292,-0.02596775,-0.1045886 0.0457059,-0.02362862,-0.0619905 0.04333242,-0.04604569,-0.1045626 
0.03920081,-0.01003772,-0.0710721 0.04137415,0.009992242,-0.08060253 0.06122395,0.008561611,-0.07936144 
0.03920081,-0.01003772,-0.0710721 0.06122395,0.008561611,-0.07936144 0.04914279,-0.01302597,-0.07110488 
0.04137415,0.009992242,-0.08060253 0.04008005,0.01318204,-0.09607786 0.05898667,0.01479334,-0.09938234 
0.04137415,0.009992242,-0.08060253 0.05898667,0.01479334,-0.09938234 0.06122395,0.008561611,-0.07936144 
0.04008005,0.01318204,-0.09607786 0.0299786,-0.01985806,-0.1038944 0.05054292,-0.02596775,-0.1045886 
0.04008005,0.01318204,-0.09607786 0.05054292,-0.02596775,-0.1045886 0.05898667,0.01479334,-0.09938234 
0.0299786,-0.01985806,-0.1038944 0.03920081,-0.01003772,-0.0710721 0.04914279,-0.01302597,-0.07110488 
0.0299786,-0.01985806,-0.1038944 0.04914279,-0.01302597,-0.07110488 0.05054292,-0.02596775,-0.1045886 
-0.1156833,0.1878484,0.02693456 -0.08250466,0.2130566,0.06245625 -0.09782434,0.2025158,0.001726508 
0.02554928,0.1761799,0.1282529 0.004501149,0.2018381,0.1597574 0.0334561,0.140042,0.09443796 
0.02554928,0.1761799,0.1282529 0.0334561,0.140042,0.09443796 0.04221161,0.1417823,0.05948138 
0.02554928,0.1761799,0.1282529 0.04221161,0.1417823,0.05948138 0.01844225,0.1976634,0.03185284 
0.0334561,0.140042,0.09443796 -0.152473,0.1528996,0.06792802 -0.1361081,0.1568315,0.01062173 
0.0334561,0.140042,0.09443796 -0.1361081,0.1568315,0.01062173 0.04221161,0.1417823,0.05948138 
-0.1891055,0.06235218,0.09341836 -0.1845966,0.1218728,0.1608061 -0.1266697,0.2084552,0.113825 
-0.1891055,0.06235218,0.09341836 -0.1266697,0.2084552,0.113825 -0.152473,0.1528996,0.06792802 
-0.1845966,0.1218728,0.1608061 -0.07874434,0.1388934,0.2138926 -0.05603273,0.2188495,0.1360496 
-0.1845966,0.1218728,0.1608061 -0.05603273,0.2188495,0.1360496 -0.1266697,0.2084552,0.113825 
0.02071353,0.1184233,0.2121801 0.04305546,0.06354642,0.1581241 0.0334561,0.140042,0.09443796 
0.02071353,0.1184233,0.2121801 0.0334561,0.140042,0.09443796 0.004501149,0.2018381,0.1597574 
0.04305546,0.06354642,0.1581241 -0.1891055,0.06235218,0.09341836 -0.152473,0.1528996,0.06792802 
0.04305546,0.06354642,0.1581241 -0.152473,0.1528996,0.06792802 0.0334561,0.140042,0.09443796 
-0.2351747,0.06101161,0.1282386 -0.2655065,0.09633395,0.1778828 -0.1845966,0.1218728,0.1608061 
-0.2351747,0.06101161,0.1282386 -0.1845966,0.1218728,0.1608061 -0.1891055,0.06235218,0.09341836 
-0.2655065,0.09633395,0.1778828 -0.1031864,0.09076422,0.2728534 -0.07874434,0.1388934,0.2138926 
-0.2655065,0.09633395,0.1778828 -0.07874434,0.1388934,0.2138926 -0.1845966,0.1218728,0.1608061 
0.0791167,0.08984634,0.2474267 0.07237796,0.05913821,0.1991792 0.04305546,0.06354642,0.1581241 
0.0791167,0.08984634,0.2474267 0.04305546,0.06354642,0.1581241 0.02071353,0.1184233,0.2121801 
0.04474287,0.03692618,0.09532112 -0.1554401,0.03423205,0.02625513 -0.1891055,0.06235218,0.09341836 
0.04474287,0.03692618,0.09532112 -0.1891055,0.06235218,0.09341836 0.04305546,0.06354642,0.1581241 
-0.1638333,0.00810799,0.1792378 -0.09971267,0.0907467,0.2723689 -0.1031864,0.09076422,0.2728534 
-0.1638333,0.00810799,0.1792378 -0.1031864,0.09076422,0.2728534 -0.2655065,0.09633395,0.1778828 
-0.1638333,0.00810799,0.1792378 -0.2655065,0.09633395,0.1778828 -0.2351747,0.06101161,0.1282386 
-0.2355805,-0.02290508,0.04659653 -0.2351747,0.06101161,0.1282386 -0.1891055,0.06235218,0.09341836 
-0.2355805,-0.02290508,0.04659653 -0.1875337,-0.001398981,0.03078914 -0.1646715,-0.04240346,0.06268036 
-0.2355805,-0.02290508,0.04659653 -0.1646715,-0.04240346,0.06268036 -0.1638333,0.00810799,0.1792378 
-0.2355805,-0.02290508,0.04659653 -0.1638333,0.00810799,0.1792378 -0.2351747,0.06101161,0.1282386 
0.1114372,-0.02348286,0.1320828 0.04305546,0.06354642,0.1581241 0.07237796,0.05913821,0.1991792 
0.06266764,0.004373282,0.1109296 0.01243414,-0.03672105,0.118284 -0.1646715,-0.04240346,0.06268036 
0.06266764,0.004373282,0.1109296 -0.1646715,-0.04240346,0.06268036 -0.1875337,-0.001398981,0.03078914 
0.06266764,0.004373282,0.1109296 -0.1875337,-0.001398981,0.03078914 -0.1554401,0.03423205,0.02625513 
0.06266764,0.004373282,0.1109296 -0.1554401,0.03423205,0.02625513 0.04474287,0.03692618,0.09532112 
0.05375594,0.02825829,0.01767576 0.05681138,-0.02337182,0.04206932 0.02914168,-0.02589351,0.001712084 
0.05375594,0.02825829,0.01767576 0.02914168,-0.02589351,0.001712084 0.03821513,0.02114534,-0.02176362 
-0.1345924,0.0291343,-0.04673165 -0.1108119,0.08192107,-0.06059521 -0.06798178,0.07080173,-0.08089703 
-0.1345924,0.0291343,-0.04673165 -0.06798178,0.07080173,-0.08089703 -0.1075416,0.02484348,-0.07068896 
-0.05603273,0.2188495,0.1360496 -0.02330109,0.2124168,0.08301127 0.01844225,0.1976634,0.03185284 
-0.05603273,0.2188495,0.1360496 0.01844225,0.1976634,0.03185284 -0.04083574,0.2151251,0.01960295 
-0.07874434,0.1388934,0.2138926 0.02071353,0.1184233,0.2121801 0.004501149,0.2018381,0.1597574 
-0.07874434,0.1388934,0.2138926 0.004501149,0.2018381,0.1597574 -0.05603273,0.2188495,0.1360496 
-0.1108119,0.08192107,-0.06059521 -0.07810211,0.140766,-0.06925964 -0.06798178,0.07080173,-0.08089703 
0.04880989,0.07116386,-0.01984733 0.05375594,0.02825829,0.01767576 0.03821513,0.02114534,-0.02176362 
0.04880989,0.07116386,-0.01984733 0.03821513,0.02114534,-0.02176362 0.02439152,0.07191643,-0.0523569 
-0.1031864,0.09076422,0.2728534 -0.09971267,0.0907467,0.2723689 0.0791167,0.08984634,0.2474267 
-0.1031864,0.09076422,0.2728534 0.0791167,0.08984634,0.2474267 0.02071353,0.1184233,0.2121801 
-0.1031864,0.09076422,0.2728534 0.02071353,0.1184233,0.2121801 -0.07874434,0.1388934,0.2138926 
-0.04083574,0.2151251,0.01960295 0.01844225,0.1976634,0.03185284 0.02941999,0.1390497,-0.04215252 
-0.04083574,0.2151251,0.01960295 0.02941999,0.1390497,-0.04215252 -0.07810211,0.140766,-0.06925964 
-0.08250466,0.2130566,0.06245625 -0.05603273,0.2188495,0.1360496 -0.04083574,0.2151251,0.01960295 
-0.08250466,0.2130566,0.06245625 -0.04083574,0.2151251,0.01960295 -0.09782434,0.2025158,0.001726508 
0.01495938,0.1855783,0.06768227 0.02554928,0.1761799,0.1282529 0.01844225,0.1976634,0.03185284 
-0.1266697,0.2084552,0.113825 -0.05603273,0.2188495,0.1360496 -0.08250466,0.2130566,0.06245625 
-0.02330109,0.2124168,0.08301127 -0.05603273,0.2188495,0.1360496 0.004501149,0.2018381,0.1597574 
-0.1861554,0.2680382,0.06903994 -0.2097306,0.2575379,0.08919454 -0.1266697,0.2084552,0.113825 
-0.1861554,0.2680382,0.06903994 -0.1266697,0.2084552,0.113825 -0.08250466,0.2130566,0.06245625 
-0.2097306,0.2575379,0.08919454 -0.2111553,0.2421948,0.06054962 -0.1490722,0.1698746,0.07476562 
-0.2097306,0.2575379,0.08919454 -0.1490722,0.1698746,0.07476562 -0.1266697,0.2084552,0.113825 
-0.2111553,0.2421948,0.06054962 -0.2097306,0.2575379,0.08919454 -0.1861554,0.2680382,0.06903994 
-0.2111553,0.2421948,0.06054962 -0.1861554,0.2680382,0.06903994 -0.2028521,0.265832,0.05365753 
0.06947625,0.2518142,0.1706711 0.05792902,0.2570556,0.1417282 -0.02330109,0.2124168,0.08301127 
0.06947625,0.2518142,0.1706711 -0.02330109,0.2124168,0.08301127 0.004501149,0.2018381,0.1597574 
0.05792902,0.2570556,0.1417282 0.08543067,0.2544153,0.1272132 0.01495938,0.1855783,0.06768227 
0.05792902,0.2570556,0.1417282 0.01495938,0.1855783,0.06768227 -0.02330109,0.2124168,0.08301127 
0.05792902,0.2570556,0.1417282 0.06947625,0.2518142,0.1706711 0.08262721,0.2337869,0.1487105 
0.05792902,0.2570556,0.1417282 0.08262721,0.2337869,0.1487105 0.08543067,0.2544153,0.1272132 
-0.2111553,0.2421948,0.06054962 -0.2028521,0.265832,0.05365753 -0.1156833,0.1878484,0.02693456 
-0.2111553,0.2421948,0.06054962 -0.1156833,0.1878484,0.02693456 -0.1490722,0.1698746,0.07476562 
0.08262721,0.2337869,0.1487105 0.06947625,0.2518142,0.1706711 0.004501149,0.2018381,0.1597574 
0.08262721,0.2337869,0.1487105 0.004501149,0.2018381,0.1597574 0.02554928,0.1761799,0.1282529 
-0.1156833,0.1878484,0.02693456 -0.09782434,0.2025158,0.001726508 -0.1490722,0.1698746,0.07476562 
-0.1156833,0.1878484,0.02693456 -0.2028521,0.265832,0.05365753 -0.1861554,0.2680382,0.06903994 
-0.1156833,0.1878484,0.02693456 -0.1861554,0.2680382,0.06903994 -0.08250466,0.2130566,0.06245625 
0.01495938,0.1855783,0.06768227 0.08543067,0.2544153,0.1272132 0.08262721,0.2337869,0.1487105 
0.01495938,0.1855783,0.06768227 0.08262721,0.2337869,0.1487105 0.02554928,0.1761799,0.1282529 
0.01495938,0.1855783,0.06768227 0.01844225,0.1976634,0.03185284 -0.02330109,0.2124168,0.08301127 
-0.1891055,0.06235218,0.09341836 -0.1554401,0.03423205,0.02625513 -0.1875337,-0.001398981,0.03078914 
-0.1891055,0.06235218,0.09341836 -0.1875337,-0.001398981,0.03078914 -0.2355805,-0.02290508,0.04659653 
0.1114372,-0.02348286,0.1320828 0.06266764,0.004373282,0.1109296 0.04474287,0.03692618,0.09532112 
0.1114372,-0.02348286,0.1320828 0.04474287,0.03692618,0.09532112 0.04305546,0.06354642,0.1581241 
-0.1638333,0.00810799,0.1792378 -0.02247632,-0.002254248,0.207794 -0.09971267,0.0907467,0.2723689 
-0.02247632,-0.002254248,0.207794 0.07237796,0.05913821,0.1991792 0.0791167,0.08984634,0.2474267 
-0.02247632,-0.002254248,0.207794 0.0791167,0.08984634,0.2474267 -0.09971267,0.0907467,0.2723689 
0.01243414,-0.03672105,0.118284 0.1114372,-0.02348286,0.1320828 0.07237796,0.05913821,0.1991792 
0.01243414,-0.03672105,0.118284 0.07237796,0.05913821,0.1991792 -0.02247632,-0.002254248,0.207794 
-0.1646715,-0.04240346,0.06268036 0.01243414,-0.03672105,0.118284 -0.02247632,-0.002254248,0.207794 
-0.1646715,-0.04240346,0.06268036 -0.02247632,-0.002254248,0.207794 -0.1638333,0.00810799,0.1792378 
0.1114372,-0.02348286,0.1320828 0.01243414,-0.03672105,0.118284 0.06266764,0.004373282,0.1109296 
-0.07126386,-0.008494854,-0.1067098 -0.07004109,0.01828319,-0.1097375 -0.06150104,0.02449372,-0.1315038 
-0.07126386,-0.008494854,-0.1067098 -0.06150104,0.02449372,-0.1315038 -0.04079865,-0.01798606,-0.1270176 
0.0299786,-0.01985806,-0.1038944 0.04008005,0.01318204,-0.09607786 0.04137415,0.009992242,-0.08060253 
0.0299786,-0.01985806,-0.1038944 0.04137415,0.009992242,-0.08060253 0.03920081,-0.01003772,-0.0710721 
0.03673059,-0.01754397,0.02481484 0.02077042,0.01433572,0.1686386 -0.01628797,-0.03085041,0.1563557 
0.03673059,-0.01754397,0.02481484 -0.01628797,-0.03085041,0.1563557 -0.003354147,-0.04541746,0.02949172 
-0.1407781,-0.02630788,0.1369433 -0.1684307,0.02600181,0.09186709 -0.1218838,-0.001379013,-0.01636374 
-0.1407781,-0.02630788,0.1369433 -0.1218838,-0.001379013,-0.01636374 -0.1004839,-0.0359129,0.01436007 
0.0006861538,-0.07858467,0.03177303 -0.04763874,-0.07020757,0.002510011 -0.04213174,-0.0469414,-0.008451879 
0.0006861538,-0.07858467,0.03177303 -0.04213174,-0.0469414,-0.008451879 -0.003354147,-0.04541746,0.02949172 
-0.01145799,0.1209121,-0.03942144 -0.06841224,0.141235,-0.03679395 -0.1118132,0.1755868,0.08401513 
-0.01145799,0.1209121,-0.03942144 -0.1118132,0.1755868,0.08401513 -0.06457202,0.1470255,0.126573 
-0.01145799,0.1209121,-0.03942144 -0.06457202,0.1470255,0.126573 0.004397452,0.1666595,0.1277571 
-0.01145799,0.1209121,-0.03942144 0.004397452,0.1666595,0.1277571 0.009013526,0.1460221,0.0056023 
-0.04213174,-0.0469414,-0.008451879 -0.02417865,-0.02897459,-0.06711286 0.03673059,-0.01754397,0.02481484 
-0.04213174,-0.0469414,-0.008451879 0.03673059,-0.01754397,0.02481484 -0.003354147,-0.04541746,0.02949172 
0.02077042,0.01433572,0.1686386 -0.07560334,-0.001418442,0.1703737 -0.08024777,-0.03368652,0.1773478 
0.02077042,0.01433572,0.1686386 -0.08024777,-0.03368652,0.1773478 -0.01628797,-0.03085041,0.1563557 
-0.02417865,-0.02897459,-0.06711286 -0.1218838,-0.001379013,-0.01636374 -0.06841224,0.141235,-0.03679395 
-0.02417865,-0.02897459,-0.06711286 -0.06841224,0.141235,-0.03679395 -0.01145799,0.1209121,-0.03942144 
-0.07560334,-0.001418442,0.1703737 -0.1684307,0.02600181,0.09186709 -0.1407781,-0.02630788,0.1369433 
-0.07560334,-0.001418442,0.1703737 -0.1407781,-0.02630788,0.1369433 -0.08024777,-0.03368652,0.1773478 
-0.1684307,0.02600181,0.09186709 -0.1118132,0.1755868,0.08401513 -0.06841224,0.141235,-0.03679395 
-0.1684307,0.02600181,0.09186709 -0.06841224,0.141235,-0.03679395 -0.1218838,-0.001379013,-0.01636374 
-0.07560334,-0.001418442,0.1703737 -0.06457202,0.1470255,0.126573 -0.1118132,0.1755868,0.08401513 
-0.07560334,-0.001418442,0.1703737 -0.1118132,0.1755868,0.08401513 -0.1684307,0.02600181,0.09186709 
0.02077042,0.01433572,0.1686386 0.004397452,0.1666595,0.1277571 -0.06457202,0.1470255,0.126573 
0.02077042,0.01433572,0.1686386 -0.06457202,0.1470255,0.126573 -0.07560334,-0.001418442,0.1703737 
0.03673059,-0.01754397,0.02481484 0.009013526,0.1460221,0.0056023 0.004397452,0.1666595,0.1277571 
0.03673059,-0.01754397,0.02481484 0.004397452,0.1666595,0.1277571 0.02077042,0.01433572,0.1686386 
-0.02417865,-0.02897459,-0.06711286 -0.01145799,0.1209121,-0.03942144 0.009013526,0.1460221,0.0056023 
-0.02417865,-0.02897459,-0.06711286 0.009013526,0.1460221,0.0056023 0.03673059,-0.01754397,0.02481484 
-0.02417865,-0.02897459,-0.06711286 -0.04213174,-0.0469414,-0.008451879 -0.1004839,-0.0359129,0.01436007 
-0.02417865,-0.02897459,-0.06711286 -0.1004839,-0.0359129,0.01436007 -0.1218838,-0.001379013,-0.01636374 
-0.04763874,-0.07020757,0.002510011 -0.1081101,-0.07892922,0.008522332 -0.1004839,-0.0359129,0.01436007 
-0.04763874,-0.07020757,0.002510011 -0.1004839,-0.0359129,0.01436007 -0.04213174,-0.0469414,-0.008451879 
-0.1081101,-0.07892922,0.008522332 -0.1398846,-0.05468562,0.04114872 -0.1004839,-0.0359129,0.01436007 
-0.1431501,-0.05827779,0.1492511 -0.08599374,-0.05712417,0.1905825 -0.08024777,-0.03368652,0.1773478 
-0.1431501,-0.05827779,0.1492511 -0.08024777,-0.03368652,0.1773478 -0.1407781,-0.02630788,0.1369433 
-0.08599374,-0.05712417,0.1905825 -0.02434908,-0.06493613,0.1761866 -0.01628797,-0.03085041,0.1563557 
-0.08599374,-0.05712417,0.1905825 -0.01628797,-0.03085041,0.1563557 -0.08024777,-0.03368652,0.1773478 
-0.02434908,-0.06493613,0.1761866 0.01679702,-0.0578776,0.1460577 -0.01628797,-0.03085041,0.1563557 
-0.143545,-0.1430539,0.01236618 -0.1398846,-0.05468562,0.04114872 -0.1081101,-0.07892922,0.008522332 
-0.1887935,-0.167608,0.1655697 -0.1321411,-0.1687862,0.2202192 -0.1263869,-0.1317267,0.203096 
-0.1887935,-0.167608,0.1655697 -0.1263869,-0.1317267,0.203096 -0.08599374,-0.05712417,0.1905825 
-0.1887935,-0.167608,0.1655697 -0.08599374,-0.05712417,0.1905825 -0.1431501,-0.05827779,0.1492511 
-0.05989431,-0.1344423,0.2209424 -0.06363103,-0.1747341,0.232109 0.002329364,-0.1804605,0.2056272 
-0.05989431,-0.1344423,0.2209424 0.002329364,-0.1804605,0.2056272 -0.02434908,-0.06493613,0.1761866 
-0.05989431,-0.1344423,0.2209424 -0.02434908,-0.06493613,0.1761866 -0.08599374,-0.05712417,0.1905825 
0.002329364,-0.1804605,0.2056272 0.04615704,-0.1682812,0.148475 0.01679702,-0.0578776,0.1460577 
0.002329364,-0.1804605,0.2056272 0.01679702,-0.0578776,0.1460577 -0.02434908,-0.06493613,0.1761866 
-0.2079169,-0.163617,0.1072331 -0.1887935,-0.167608,0.1655697 -0.1431501,-0.05827779,0.1492511 
-0.2079169,-0.163617,0.1072331 -0.1431501,-0.05827779,0.1492511 -0.1731539,-0.05002052,0.1165473 
0.0585232,-0.06545642,0.1256943 0.05386554,-0.05726993,0.06627649 0.008323237,-0.05775449,0.06441396 
0.0585232,-0.06545642,0.1256943 0.008323237,-0.05775449,0.06441396 0.01679702,-0.0578776,0.1460577 
-0.1731539,-0.05002052,0.1165473 -0.1431501,-0.05827779,0.1492511 -0.1407781,-0.02630788,0.1369433 
0.01679702,-0.0578776,0.1460577 0.008323237,-0.05775449,0.06441396 -0.003354147,-0.04541746,0.02949172 
0.01679702,-0.0578776,0.1460577 -0.003354147,-0.04541746,0.02949172 -0.01628797,-0.03085041,0.1563557 
-0.1632106,-0.2419479,-0.02313292 -0.2162774,-0.2158428,0.09162176 -0.2079169,-0.163617,0.1072331 
-0.1632106,-0.2419479,-0.02313292 -0.2079169,-0.163617,0.1072331 -0.143545,-0.1430539,0.01236618 
-0.2162774,-0.2158428,0.09162176 -0.1969848,-0.220956,0.1855976 -0.1887935,-0.167608,0.1655697 
-0.2162774,-0.2158428,0.09162176 -0.1887935,-0.167608,0.1655697 -0.2079169,-0.163617,0.1072331 
-0.1969848,-0.220956,0.1855976 -0.1062957,-0.2240782,0.2512212 -0.1321411,-0.1687862,0.2202192 
-0.1969848,-0.220956,0.1855976 -0.1321411,-0.1687862,0.2202192 -0.1887935,-0.167608,0.1655697 
-0.1062957,-0.2240782,0.2512212 0.01678007,-0.2309237,0.2282556 0.002329364,-0.1804605,0.2056272 
-0.1062957,-0.2240782,0.2512212 0.002329364,-0.1804605,0.2056272 -0.06363103,-0.1747341,0.232109 
0.01678007,-0.2309237,0.2282556 0.05282875,-0.2314115,0.1475926 0.04615704,-0.1682812,0.148475 
0.01678007,-0.2309237,0.2282556 0.04615704,-0.1682812,0.148475 0.002329364,-0.1804605,0.2056272 
0.05282875,-0.2314115,0.1475926 0.04893973,-0.2415779,0.02544677 0.02893534,-0.1376471,0.03823698 
0.05282875,-0.2314115,0.1475926 0.02893534,-0.1376471,0.03823698 0.04615704,-0.1682812,0.148475 
-0.2185928,-0.2997355,0.1204703 -0.1981134,-0.3029716,0.2031977 -0.1969848,-0.220956,0.1855976 
-0.2185928,-0.2997355,0.1204703 -0.1969848,-0.220956,0.1855976 -0.2162774,-0.2158428,0.09162176 
-0.1981134,-0.3029716,0.2031977 -0.1062957,-0.2240782,0.2512212 -0.1969848,-0.220956,0.1855976 
0.00415653,-0.3157855,0.2437411 0.01678007,-0.2309237,0.2282556 -0.1062957,-0.2240782,0.2512212 
0.00415653,-0.3157855,0.2437411 0.05435271,-0.3072535,0.1723399 0.05282875,-0.2314115,0.1475926 
0.00415653,-0.3157855,0.2437411 0.05282875,-0.2314115,0.1475926 0.01678007,-0.2309237,0.2282556 
-0.1924452,-0.3547509,0.09916604 -0.1540346,-0.3563449,0.1767027 -0.1981134,-0.3029716,0.2031977 
-0.1924452,-0.3547509,0.09916604 -0.1981134,-0.3029716,0.2031977 -0.2185928,-0.2997355,0.1204703 
-0.1540346,-0.3563449,0.1767027 -0.1046643,-0.3583185,0.2316485 -0.1981134,-0.3029716,0.2031977 
-0.1046643,-0.3583185,0.2316485 -0.02749802,-0.3572647,0.1732277 0.00415653,-0.3157855,0.2437411 
-0.02749802,-0.3572647,0.1732277 0.01487811,-0.3645173,0.1462244 0.05435271,-0.3072535,0.1723399 
-0.02749802,-0.3572647,0.1732277 0.05435271,-0.3072535,0.1723399 0.00415653,-0.3157855,0.2437411 
0.0891422,-0.3180811,0.1663417 0.08737602,-0.2439365,0.1534382 0.05282875,-0.2314115,0.1475926 
0.0891422,-0.3180811,0.1663417 0.05282875,-0.2314115,0.1475926 0.05435271,-0.3072535,0.1723399 
0.01487811,-0.3645173,0.1462244 -0.02749802,-0.3572647,0.1732277 -0.1046643,-0.3583185,0.2316485 
0.01487811,-0.3645173,0.1462244 -0.1046643,-0.3583185,0.2316485 -0.1540346,-0.3563449,0.1767027 
0.01487811,-0.3645173,0.1462244 -0.1540346,-0.3563449,0.1767027 -0.1924452,-0.3547509,0.09916604 
0.01487811,-0.3645173,0.1462244 -0.1924452,-0.3547509,0.09916604 -0.1692221,-0.3758672,0.03979516 
0.01487811,-0.3645173,0.1462244 -0.1692221,-0.3758672,0.03979516 -0.08552814,-0.3757756,0.07498485 
0.01487811,-0.3645173,0.1462244 -0.08552814,-0.3757756,0.07498485 0.02382988,-0.36642,0.08796102 
-0.188387,-0.07095188,0.02793097 -0.2223794,-0.06155571,0.07947046 -0.1731539,-0.05002052,0.1165473 
-0.188387,-0.07095188,0.02793097 -0.1731539,-0.05002052,0.1165473 -0.1398846,-0.05468562,0.04114872 
0.02893534,-0.1376471,0.03823698 0.0006861538,-0.07858467,0.03177303 0.008323237,-0.05775449,0.06441396 
-0.2223794,-0.06155571,0.07947046 -0.2224854,-0.08838806,0.07608122 -0.2079169,-0.163617,0.1072331 
-0.2223794,-0.06155571,0.07947046 -0.2079169,-0.163617,0.1072331 -0.1731539,-0.05002052,0.1165473 
-0.1925398,-0.09095895,0.02741772 -0.188387,-0.07095188,0.02793097 -0.1398846,-0.05468562,0.04114872 
-0.1925398,-0.09095895,0.02741772 -0.1398846,-0.05468562,0.04114872 -0.143545,-0.1430539,0.01236618 
-0.1925398,-0.09095895,0.02741772 -0.2224854,-0.08838806,0.07608122 -0.2223794,-0.06155571,0.07947046 
-0.1925398,-0.09095895,0.02741772 -0.2223794,-0.06155571,0.07947046 -0.188387,-0.07095188,0.02793097 
-0.3021888,-0.1824754,-0.009808242 -0.2546874,-0.226719,-0.004705667 -0.2079169,-0.163617,0.1072331 
-0.3021888,-0.1824754,-0.009808242 -0.2079169,-0.163617,0.1072331 -0.2224854,-0.08838806,0.07608122 
0.05386554,-0.05726993,0.06627649 0.05418006,-0.07872996,0.06482416 0.02893534,-0.1376471,0.03823698 
0.05386554,-0.05726993,0.06627649 0.02893534,-0.1376471,0.03823698 0.008323237,-0.05775449,0.06441396 
0.0588159,-0.09110591,0.1280456 0.0585232,-0.06545642,0.1256943 0.01679702,-0.0578776,0.1460577 
0.0588159,-0.09110591,0.1280456 0.01679702,-0.0578776,0.1460577 0.04615704,-0.1682812,0.148475 
0.0588159,-0.09110591,0.1280456 0.05418006,-0.07872996,0.06482416 0.05386554,-0.05726993,0.06627649 
0.0588159,-0.09110591,0.1280456 0.05386554,-0.05726993,0.06627649 0.0585232,-0.06545642,0.1256943 
0.1624651,-0.1723008,0.03684527 0.1185912,-0.2164949,0.04544723 0.02893534,-0.1376471,0.03823698 
0.1624651,-0.1723008,0.03684527 0.02893534,-0.1376471,0.03823698 0.05418006,-0.07872996,0.06482416 
-0.2546874,-0.226719,-0.004705667 -0.2370841,-0.1959098,-0.04938382 -0.143545,-0.1430539,0.01236618 
-0.2546874,-0.226719,-0.004705667 -0.143545,-0.1430539,0.01236618 -0.2079169,-0.163617,0.1072331 
-0.2370841,-0.1959098,-0.04938382 -0.2655802,-0.1601432,-0.0488987 -0.1925398,-0.09095895,0.02741772 
-0.2370841,-0.1959098,-0.04938382 -0.1925398,-0.09095895,0.02741772 -0.143545,-0.1430539,0.01236618 
-0.2655802,-0.1601432,-0.0488987 -0.3021888,-0.1824754,-0.009808242 -0.2224854,-0.08838806,0.07608122 
-0.2655802,-0.1601432,-0.0488987 -0.2224854,-0.08838806,0.07608122 -0.1925398,-0.09095895,0.02741772 
-0.3247766,-0.2122797,-0.04889989 -0.2773043,-0.2557907,-0.03925097 -0.2489168,-0.2418247,-0.01274621 
-0.3247766,-0.2122797,-0.04889989 -0.2489168,-0.2418247,-0.01274621 -0.2546874,-0.226719,-0.004705667 
-0.3247766,-0.2122797,-0.04889989 -0.2546874,-0.226719,-0.004705667 -0.3021888,-0.1824754,-0.009808242 
0.1185912,-0.2164949,0.04544723 0.1346502,-0.2191122,0.09456706 0.04615704,-0.1682812,0.148475 
0.1185912,-0.2164949,0.04544723 0.04615704,-0.1682812,0.148475 0.02893534,-0.1376471,0.03823698 
0.1346502,-0.2191122,0.09456706 0.173268,-0.1795378,0.09585255 0.0588159,-0.09110591,0.1280456 
0.1346502,-0.2191122,0.09456706 0.0588159,-0.09110591,0.1280456 0.04615704,-0.1682812,0.148475 
0.173268,-0.1795378,0.09585255 0.1624651,-0.1723008,0.03684527 0.05418006,-0.07872996,0.06482416 
0.173268,-0.1795378,0.09585255 0.05418006,-0.07872996,0.06482416 0.0588159,-0.09110591,0.1280456 
0.1982543,-0.2161365,0.03403825 0.1556561,-0.2593717,0.02768469 0.1181368,-0.2406487,0.03199905 
0.1982543,-0.2161365,0.03403825 0.1181368,-0.2406487,0.03199905 0.1185912,-0.2164949,0.04544723 
0.1982543,-0.2161365,0.03403825 0.1185912,-0.2164949,0.04544723 0.1624651,-0.1723008,0.03684527 
0.1181368,-0.2406487,0.03199905 0.124732,-0.2418815,0.08648711 0.1346502,-0.2191122,0.09456706 
0.1181368,-0.2406487,0.03199905 0.1346502,-0.2191122,0.09456706 0.1185912,-0.2164949,0.04544723 
0.124732,-0.2418815,0.08648711 0.1511342,-0.2617725,0.09220105 0.2078407,-0.2272034,0.09266043 
0.124732,-0.2418815,0.08648711 0.2078407,-0.2272034,0.09266043 0.173268,-0.1795378,0.09585255 
0.124732,-0.2418815,0.08648711 0.173268,-0.1795378,0.09585255 0.1346502,-0.2191122,0.09456706 
0.2078407,-0.2272034,0.09266043 0.1982543,-0.2161365,0.03403825 0.1624651,-0.1723008,0.03684527 
0.2078407,-0.2272034,0.09266043 0.1624651,-0.1723008,0.03684527 0.173268,-0.1795378,0.09585255 
0.2078407,-0.2272034,0.09266043 0.1511342,-0.2617725,0.09220105 0.1556561,-0.2593717,0.02768469 
0.2078407,-0.2272034,0.09266043 0.1556561,-0.2593717,0.02768469 0.1982543,-0.2161365,0.03403825 
0.1181368,-0.2406487,0.03199905 0.1556561,-0.2593717,0.02768469 0.1511342,-0.2617725,0.09220105 
0.1181368,-0.2406487,0.03199905 0.1511342,-0.2617725,0.09220105 0.124732,-0.2418815,0.08648711 
-0.2489168,-0.2418247,-0.01274621 -0.2313558,-0.2122862,-0.0586139 -0.2370841,-0.1959098,-0.04938382 
-0.2489168,-0.2418247,-0.01274621 -0.2370841,-0.1959098,-0.04938382 -0.2546874,-0.226719,-0.004705667 
-0.2313558,-0.2122862,-0.0586139 -0.255701,-0.2242654,-0.08161473 -0.2876195,-0.1893505,-0.08394635 
-0.2313558,-0.2122862,-0.0586139 -0.2876195,-0.1893505,-0.08394635 -0.2655802,-0.1601432,-0.0488987 
-0.2313558,-0.2122862,-0.0586139 -0.2655802,-0.1601432,-0.0488987 -0.2370841,-0.1959098,-0.04938382 
-0.2876195,-0.1893505,-0.08394635 -0.3247766,-0.2122797,-0.04889989 -0.3021888,-0.1824754,-0.009808242 
-0.2876195,-0.1893505,-0.08394635 -0.3021888,-0.1824754,-0.009808242 -0.2655802,-0.1601432,-0.0488987 
-0.2876195,-0.1893505,-0.08394635 -0.255701,-0.2242654,-0.08161473 -0.2773043,-0.2557907,-0.03925097 
-0.2876195,-0.1893505,-0.08394635 -0.2773043,-0.2557907,-0.03925097 -0.3247766,-0.2122797,-0.04889989 
-0.2489168,-0.2418247,-0.01274621 -0.2773043,-0.2557907,-0.03925097 -0.255701,-0.2242654,-0.08161473 
-0.2489168,-0.2418247,-0.01274621 -0.255701,-0.2242654,-0.08161473 -0.2313558,-0.2122862,-0.0586139 
0.008323237,-0.05775449,0.06441396 0.0006861538,-0.07858467,0.03177303 -0.003354147,-0.04541746,0.02949172 
-0.1398846,-0.05468562,0.04114872 -0.1731539,-0.05002052,0.1165473 -0.1407781,-0.02630788,0.1369433 
-0.1398846,-0.05468562,0.04114872 -0.1407781,-0.02630788,0.1369433 -0.1004839,-0.0359129,0.01436007 
-0.2425708,-0.2467848,-0.02282715 -0.2629938,-0.2382276,0.0955568 -0.2162774,-0.2158428,0.09162176 
-0.2425708,-0.2467848,-0.02282715 -0.2162774,-0.2158428,0.09162176 -0.1632106,-0.2419479,-0.02313292 
-0.2629938,-0.2382276,0.0955568 -0.2531514,-0.318901,0.1123257 -0.2185928,-0.2997355,0.1204703 
-0.2629938,-0.2382276,0.0955568 -0.2185928,-0.2997355,0.1204703 -0.2162774,-0.2158428,0.09162176 
-0.2531514,-0.318901,0.1123257 -0.2467074,-0.3815514,0.0997467 -0.1924452,-0.3547509,0.09916604 
-0.2531514,-0.318901,0.1123257 -0.1924452,-0.3547509,0.09916604 -0.2185928,-0.2997355,0.1204703 
-0.1903341,-0.4135871,0.09413552 -0.1894221,-0.4276959,0.02752954 -0.1916883,-0.397997,0.03041291 
-0.1903341,-0.4135871,0.09413552 -0.1916883,-0.397997,0.03041291 -0.1692221,-0.3758672,0.03979516 
-0.1903341,-0.4135871,0.09413552 -0.1692221,-0.3758672,0.03979516 -0.1924452,-0.3547509,0.09916604 
-0.1587389,-0.3450921,-0.04586875 -0.1652339,-0.3010051,-0.05515933 -0.1632106,-0.2419479,-0.02313292 
-0.1587389,-0.3450921,-0.04586875 -0.1632106,-0.2419479,-0.02313292 -0.1942014,-0.3174425,0.009037435 
-0.2395129,-0.3843905,0.03094918 -0.2467074,-0.3815514,0.0997467 -0.2531514,-0.318901,0.1123257 
-0.2395129,-0.3843905,0.03094918 -0.2531514,-0.318901,0.1123257 -0.2666094,-0.3459831,0.01620555 
0.08737602,-0.2439365,0.1534382 0.1123852,-0.2611907,0.06712776 0.04893973,-0.2415779,0.02544677 
0.08737602,-0.2439365,0.1534382 0.04893973,-0.2415779,0.02544677 0.05282875,-0.2314115,0.1475926 
0.1151459,-0.3582321,0.03538811 0.1145755,-0.3109353,0.01976621 0.1123852,-0.2611907,0.06712776 
0.1151459,-0.3582321,0.03538811 0.1123852,-0.2611907,0.06712776 0.1228596,-0.3328063,0.09829336 
0.03904172,-0.3980777,0.09092671 0.04054011,-0.4227639,0.09054297 0.01648081,-0.4180479,0.1489208 
0.03904172,-0.3980777,0.09092671 0.01648081,-0.4180479,0.1489208 0.01487811,-0.3645173,0.1462244 
0.03904172,-0.3980777,0.09092671 0.01487811,-0.3645173,0.1462244 0.02382988,-0.36642,0.08796102 
0.07816538,-0.373164,0.1590218 0.0891422,-0.3180811,0.1663417 0.05435271,-0.3072535,0.1723399 
0.07816538,-0.373164,0.1590218 0.05435271,-0.3072535,0.1723399 0.01487811,-0.3645173,0.1462244 
0.07816538,-0.373164,0.1590218 0.09009086,-0.3805824,0.09746575 0.1228596,-0.3328063,0.09829336 
0.07816538,-0.373164,0.1590218 0.1228596,-0.3328063,0.09829336 0.0891422,-0.3180811,0.1663417 
-0.1916883,-0.397997,0.03041291 -0.2403532,-0.4017754,0.02853942 -0.2395129,-0.3843905,0.03094918 
-0.1916883,-0.397997,0.03041291 -0.2395129,-0.3843905,0.03094918 -0.1692221,-0.3758672,0.03979516 
-0.2403532,-0.4017754,0.02853942 -0.2434645,-0.4311561,0.03276509 -0.2518506,-0.4149551,0.09440601 
-0.2403532,-0.4017754,0.02853942 -0.2518506,-0.4149551,0.09440601 -0.2467074,-0.3815514,0.0997467 
-0.2403532,-0.4017754,0.02853942 -0.2467074,-0.3815514,0.0997467 -0.2395129,-0.3843905,0.03094918 
-0.2518506,-0.4149551,0.09440601 -0.1903341,-0.4135871,0.09413552 -0.1924452,-0.3547509,0.09916604 
-0.2518506,-0.4149551,0.09440601 -0.1924452,-0.3547509,0.09916604 -0.2467074,-0.3815514,0.0997467 
-0.2518506,-0.4149551,0.09440601 -0.2434645,-0.4311561,0.03276509 -0.1894221,-0.4276959,0.02752954 
-0.2518506,-0.4149551,0.09440601 -0.1894221,-0.4276959,0.02752954 -0.1903341,-0.4135871,0.09413552 
0.01648081,-0.4180479,0.1489208 0.06121522,-0.4137047,0.1624051 0.07816538,-0.373164,0.1590218 
0.01648081,-0.4180479,0.1489208 0.07816538,-0.373164,0.1590218 0.01487811,-0.3645173,0.1462244 
0.06121522,-0.4137047,0.1624051 0.08445044,-0.4185206,0.1038959 0.08727063,-0.3995515,0.1006808 
0.06121522,-0.4137047,0.1624051 0.08727063,-0.3995515,0.1006808 0.09009086,-0.3805824,0.09746575 
0.06121522,-0.4137047,0.1624051 0.09009086,-0.3805824,0.09746575 0.07816538,-0.373164,0.1590218 
0.08727063,-0.3995515,0.1006808 0.03904172,-0.3980777,0.09092671 0.02382988,-0.36642,0.08796102 
0.08727063,-0.3995515,0.1006808 0.02382988,-0.36642,0.08796102 0.09009086,-0.3805824,0.09746575 
0.08445044,-0.4185206,0.1038959 0.06121522,-0.4137047,0.1624051 0.01648081,-0.4180479,0.1489208 
0.08445044,-0.4185206,0.1038959 0.01648081,-0.4180479,0.1489208 0.04054011,-0.4227639,0.09054297 
-0.2531514,-0.318901,0.1123257 -0.2629938,-0.2382276,0.0955568 -0.2425708,-0.2467848,-0.02282715 
-0.2531514,-0.318901,0.1123257 -0.2425708,-0.2467848,-0.02282715 -0.2666094,-0.3459831,0.01620555 
0.1228596,-0.3328063,0.09829336 0.1123852,-0.2611907,0.06712776 0.08737602,-0.2439365,0.1534382 
0.1228596,-0.3328063,0.09829336 0.08737602,-0.2439365,0.1534382 0.0891422,-0.3180811,0.1663417 
0.1145755,-0.3109353,0.01976621 0.05905183,-0.3048238,0.007083356 0.04893973,-0.2415779,0.02544677 
0.1145755,-0.3109353,0.01976621 0.04893973,-0.2415779,0.02544677 0.1123852,-0.2611907,0.06712776 
0.05905183,-0.3048238,0.007083356 0.04566191,-0.3498882,0.01263094 0.05200612,-0.3245617,0.0675953 
0.05905183,-0.3048238,0.007083356 0.05200612,-0.3245617,0.0675953 0.04893973,-0.2415779,0.02544677 
0.04566191,-0.3498882,0.01263094 0.03086116,-0.3732769,0.03944176 0.02382988,-0.36642,0.08796102 
0.04566191,-0.3498882,0.01263094 0.02382988,-0.36642,0.08796102 0.05200612,-0.3245617,0.0675953 
0.03086116,-0.3732769,0.03944176 0.1019483,-0.3817467,0.04035419 0.09009086,-0.3805824,0.09746575 
0.03086116,-0.3732769,0.03944176 0.09009086,-0.3805824,0.09746575 0.02382988,-0.36642,0.08796102 
0.1019483,-0.3817467,0.04035419 0.1151459,-0.3582321,0.03538811 0.1228596,-0.3328063,0.09829336 
0.1019483,-0.3817467,0.04035419 0.1228596,-0.3328063,0.09829336 0.09009086,-0.3805824,0.09746575 
0.1019483,-0.3817467,0.04035419 0.03086116,-0.3732769,0.03944176 0.04566191,-0.3498882,0.01263094 
0.1019483,-0.3817467,0.04035419 0.04566191,-0.3498882,0.01263094 0.1151459,-0.3582321,0.03538811 
-0.1652339,-0.3010051,-0.05515933 -0.2229387,-0.3041281,-0.06292576 -0.2425708,-0.2467848,-0.02282715 
-0.1652339,-0.3010051,-0.05515933 -0.2425708,-0.2467848,-0.02282715 -0.1632106,-0.2419479,-0.02313292 
-0.2229387,-0.3041281,-0.06292576 -0.2294844,-0.3499321,-0.06030941 -0.2666094,-0.3459831,0.01620555 
-0.2229387,-0.3041281,-0.06292576 -0.2666094,-0.3459831,0.01620555 -0.2425708,-0.2467848,-0.02282715 
-0.2294844,-0.3499321,-0.06030941 -0.2167843,-0.3818093,-0.02458292 -0.2395129,-0.3843905,0.03094918 
-0.2294844,-0.3499321,-0.06030941 -0.2395129,-0.3843905,0.03094918 -0.2666094,-0.3459831,0.01620555 
-0.2167843,-0.3818093,-0.02458292 -0.1596044,-0.3722601,0.001702249 -0.1692221,-0.3758672,0.03979516 
-0.2167843,-0.3818093,-0.02458292 -0.1692221,-0.3758672,0.03979516 -0.2395129,-0.3843905,0.03094918 
-0.1596044,-0.3722601,0.001702249 -0.1587389,-0.3450921,-0.04586875 -0.1942014,-0.3174425,0.009037435 
-0.1596044,-0.3722601,0.001702249 -0.1942014,-0.3174425,0.009037435 -0.1692221,-0.3758672,0.03979516 
-0.1596044,-0.3722601,0.001702249 -0.2167843,-0.3818093,-0.02458292 -0.2294844,-0.3499321,-0.06030941 
-0.1596044,-0.3722601,0.001702249 -0.2294844,-0.3499321,-0.06030941 -0.1587389,-0.3450921,-0.04586875 
0.04566191,-0.3498882,0.01263094 0.05905183,-0.3048238,0.007083356 0.1145755,-0.3109353,0.01976621 
0.04566191,-0.3498882,0.01263094 0.1145755,-0.3109353,0.01976621 0.1151459,-0.3582321,0.03538811 
-0.2294844,-0.3499321,-0.06030941 -0.2229387,-0.3041281,-0.06292576 -0.1652339,-0.3010051,-0.05515933 
-0.2294844,-0.3499321,-0.06030941 -0.1652339,-0.3010051,-0.05515933 -0.1587389,-0.3450921,-0.04586875 
-0.1037617,-0.08410403,0.2441562 -0.08813766,-0.1105844,0.2266451 -0.05989431,-0.1344423,0.2209424 
-0.1037617,-0.08410403,0.2441562 -0.05989431,-0.1344423,0.2209424 -0.08599374,-0.05712417,0.1905825 
-0.116507,-0.169857,0.2397414 -0.08079237,-0.1737057,0.2486776 -0.06363103,-0.1747341,0.232109 
-0.116507,-0.169857,0.2397414 -0.06363103,-0.1747341,0.232109 -0.1321411,-0.1687862,0.2202192 
-0.1263869,-0.1317267,0.203096 -0.1321411,-0.1687862,0.2202192 -0.06363103,-0.1747341,0.232109 
-0.1263869,-0.1317267,0.203096 -0.06363103,-0.1747341,0.232109 -0.05989431,-0.1344423,0.2209424 
-0.1653924,-0.3502662,0.2761056 -0.1186893,-0.2642165,0.2849125 -0.1062957,-0.2240782,0.2512212 
-0.1653924,-0.3502662,0.2761056 -0.1062957,-0.2240782,0.2512212 -0.1981134,-0.3029716,0.2031977 
-0.1186893,-0.2642165,0.2849125 -0.0631007,-0.3442346,0.3025921 0.00415653,-0.3157855,0.2437411 
-0.1186893,-0.2642165,0.2849125 0.00415653,-0.3157855,0.2437411 -0.1062957,-0.2240782,0.2512212 
-0.0631007,-0.3442346,0.3025921 -0.1015065,-0.3983859,0.2744467 -0.1046643,-0.3583185,0.2316485 
-0.0631007,-0.3442346,0.3025921 -0.1046643,-0.3583185,0.2316485 0.00415653,-0.3157855,0.2437411 
-0.1015065,-0.3983859,0.2744467 -0.1653924,-0.3502662,0.2761056 -0.1981134,-0.3029716,0.2031977 
-0.1015065,-0.3983859,0.2744467 -0.1981134,-0.3029716,0.2031977 -0.1046643,-0.3583185,0.2316485 
-0.1661814,-0.3649387,0.3478049 -0.1311318,-0.311239,0.3409059 -0.1186893,-0.2642165,0.2849125 
-0.1661814,-0.3649387,0.3478049 -0.1186893,-0.2642165,0.2849125 -0.1653924,-0.3502662,0.2761056 
-0.1311318,-0.311239,0.3409059 -0.09893087,-0.3623099,0.3649025 -0.0631007,-0.3442346,0.3025921 
-0.1311318,-0.311239,0.3409059 -0.0631007,-0.3442346,0.3025921 -0.1186893,-0.2642165,0.2849125 
-0.09893087,-0.3623099,0.3649025 -0.1269138,-0.3990723,0.3547188 -0.1015065,-0.3983859,0.2744467 
-0.09893087,-0.3623099,0.3649025 -0.1015065,-0.3983859,0.2744467 -0.0631007,-0.3442346,0.3025921 
-0.1269138,-0.3990723,0.3547188 -0.1661814,-0.3649387,0.3478049 -0.1653924,-0.3502662,0.2761056 
-0.1269138,-0.3990723,0.3547188 -0.1653924,-0.3502662,0.2761056 -0.1015065,-0.3983859,0.2744467 
-0.167076,-0.3179521,0.4392095 -0.1513602,-0.294468,0.4515836 -0.1311318,-0.311239,0.3409059 
-0.167076,-0.3179521,0.4392095 -0.1311318,-0.311239,0.3409059 -0.1661814,-0.3649387,0.3478049 
-0.1513602,-0.294468,0.4515836 -0.1352047,-0.3207849,0.4481137 -0.09893087,-0.3623099,0.3649025 
-0.1513602,-0.294468,0.4515836 -0.09893087,-0.3623099,0.3649025 -0.1311318,-0.311239,0.3409059 
-0.1352047,-0.3207849,0.4481137 -0.1476941,-0.3329089,0.4336549 -0.1269138,-0.3990723,0.3547188 
-0.1352047,-0.3207849,0.4481137 -0.1269138,-0.3990723,0.3547188 -0.09893087,-0.3623099,0.3649025 
-0.1476941,-0.3329089,0.4336549 -0.167076,-0.3179521,0.4392095 -0.1661814,-0.3649387,0.3478049 
-0.1476941,-0.3329089,0.4336549 -0.1661814,-0.3649387,0.3478049 -0.1269138,-0.3990723,0.3547188 
-0.1476941,-0.3329089,0.4336549 -0.1352047,-0.3207849,0.4481137 -0.1513602,-0.294468,0.4515836 
-0.1476941,-0.3329089,0.4336549 -0.1513602,-0.294468,0.4515836 -0.167076,-0.3179521,0.4392095 
-0.08079237,-0.1737057,0.2486776 -0.1030969,-0.1703489,0.2734231 -0.1062957,-0.2240782,0.2512212 
-0.08079237,-0.1737057,0.2486776 -0.1062957,-0.2240782,0.2512212 -0.06363103,-0.1747341,0.232109 
-0.1030969,-0.1703489,0.2734231 -0.116507,-0.169857,0.2397414 -0.1321411,-0.1687862,0.2202192 
-0.1030969,-0.1703489,0.2734231 -0.1321411,-0.1687862,0.2202192 -0.1062957,-0.2240782,0.2512212 
-0.1030969,-0.1703489,0.2734231 -0.08079237,-0.1737057,0.2486776 -0.116507,-0.169857,0.2397414 
-0.08813766,-0.1105844,0.2266451 -0.1083266,-0.1052845,0.2289866 -0.1263869,-0.1317267,0.203096 
-0.08813766,-0.1105844,0.2266451 -0.1263869,-0.1317267,0.203096 -0.05989431,-0.1344423,0.2209424 
-0.1083266,-0.1052845,0.2289866 -0.1037617,-0.08410403,0.2441562 -0.08599374,-0.05712417,0.1905825 
-0.1083266,-0.1052845,0.2289866 -0.08599374,-0.05712417,0.1905825 -0.1263869,-0.1317267,0.203096 
-0.1083266,-0.1052845,0.2289866 -0.08813766,-0.1105844,0.2266451 -0.1037617,-0.08410403,0.2441562 
0.02893534,-0.1376471,0.03823698 -0.04993893,-0.1362742,-0.007855594 -0.04763874,-0.07020757,0.002510011 
0.02893534,-0.1376471,0.03823698 -0.04763874,-0.07020757,0.002510011 0.0006861538,-0.07858467,0.03177303 
-0.04993893,-0.1362742,-0.007855594 -0.143545,-0.1430539,0.01236618 -0.1081101,-0.07892922,0.008522332 
-0.04993893,-0.1362742,-0.007855594 -0.1081101,-0.07892922,0.008522332 -0.04763874,-0.07020757,0.002510011 
0.04893973,-0.2415779,0.02544677 -0.05165242,-0.2471833,-0.0455659 -0.04993893,-0.1362742,-0.007855594 
0.04893973,-0.2415779,0.02544677 -0.04993893,-0.1362742,-0.007855594 0.02893534,-0.1376471,0.03823698 
-0.05165242,-0.2471833,-0.0455659 -0.1632106,-0.2419479,-0.02313292 -0.143545,-0.1430539,0.01236618 
-0.05165242,-0.2471833,-0.0455659 -0.143545,-0.1430539,0.01236618 -0.04993893,-0.1362742,-0.007855594 
0.05200612,-0.3245617,0.0675953 -0.06068237,-0.3396465,-0.01814526 -0.05165242,-0.2471833,-0.0455659 
0.05200612,-0.3245617,0.0675953 -0.05165242,-0.2471833,-0.0455659 0.04893973,-0.2415779,0.02544677 
-0.06068237,-0.3396465,-0.01814526 -0.1942014,-0.3174425,0.009037435 -0.1632106,-0.2419479,-0.02313292 
-0.06068237,-0.3396465,-0.01814526 -0.1632106,-0.2419479,-0.02313292 -0.05165242,-0.2471833,-0.0455659 
0.02382988,-0.36642,0.08796102 -0.08552814,-0.3757756,0.07498485 -0.06068237,-0.3396465,-0.01814526 
0.02382988,-0.36642,0.08796102 -0.06068237,-0.3396465,-0.01814526 0.05200612,-0.3245617,0.0675953 
-0.08552814,-0.3757756,0.07498485 -0.1692221,-0.3758672,0.03979516 -0.1942014,-0.3174425,0.009037435 
-0.08552814,-0.3757756,0.07498485 -0.1942014,-0.3174425,0.009037435 -0.06068237,-0.3396465,-0.01814526 
0.0487764,-0.4056555,0.06882656 0.04872163,-0.4236839,0.06849408 0.04054011,-0.4227639,0.09054297 
0.0487764,-0.4056555,0.06882656 0.04054011,-0.4227639,0.09054297 0.03904172,-0.3980777,0.09092671 
-0.233008,-0.4122605,0.006050706 -0.2355088,-0.4302522,0.009547889 -0.2434645,-0.4311561,0.03276509 
-0.233008,-0.4122605,0.006050706 -0.2434645,-0.4311561,0.03276509 -0.2403532,-0.4017754,0.02853942 
-0.2355088,-0.4302522,0.009547889 -0.2122863,-0.430156,-0.006258607 -0.1892779,-0.431243,0.009085 
-0.2355088,-0.4302522,0.009547889 -0.1892779,-0.431243,0.009085 -0.1894221,-0.4276959,0.02752954 
-0.2355088,-0.4302522,0.009547889 -0.1894221,-0.4276959,0.02752954 -0.2434645,-0.4311561,0.03276509 
-0.1892779,-0.431243,0.009085 -0.1915635,-0.409762,0.01212364 -0.1916883,-0.397997,0.03041291 
-0.1892779,-0.431243,0.009085 -0.1916883,-0.397997,0.03041291 -0.1894221,-0.4276959,0.02752954 
-0.1915635,-0.409762,0.01212364 -0.2130987,-0.4129841,-0.005417168 -0.233008,-0.4122605,0.006050706 
-0.1915635,-0.409762,0.01212364 -0.233008,-0.4122605,0.006050706 -0.2403532,-0.4017754,0.02853942 
-0.1915635,-0.409762,0.01212364 -0.2403532,-0.4017754,0.02853942 -0.1916883,-0.397997,0.03041291 
-0.2130987,-0.4129841,-0.005417168 -0.2122863,-0.430156,-0.006258607 -0.2355088,-0.4302522,0.009547889 
-0.2130987,-0.4129841,-0.005417168 -0.2355088,-0.4302522,0.009547889 -0.233008,-0.4122605,0.006050706 
0.04872163,-0.4236839,0.06849408 0.07584541,-0.4237117,0.05891752 0.09061706,-0.4209521,0.07682264 
0.04872163,-0.4236839,0.06849408 0.09061706,-0.4209521,0.07682264 0.08445044,-0.4185206,0.1038959 
0.04872163,-0.4236839,0.06849408 0.08445044,-0.4185206,0.1038959 0.04054011,-0.4227639,0.09054297 
0.09061706,-0.4209521,0.07682264 0.09148547,-0.406994,0.0745061 0.08727063,-0.3995515,0.1006808 
0.09061706,-0.4209521,0.07682264 0.08727063,-0.3995515,0.1006808 0.08445044,-0.4185206,0.1038959 
0.09148547,-0.406994,0.0745061 0.07610668,-0.4076655,0.05780649 0.0487764,-0.4056555,0.06882656 
0.09148547,-0.406994,0.0745061 0.0487764,-0.4056555,0.06882656 0.03904172,-0.3980777,0.09092671 
0.09148547,-0.406994,0.0745061 0.03904172,-0.3980777,0.09092671 0.08727063,-0.3995515,0.1006808 
0.07610668,-0.4076655,0.05780649 0.07584541,-0.4237117,0.05891752 0.04872163,-0.4236839,0.06849408 
0.07610668,-0.4076655,0.05780649 0.04872163,-0.4236839,0.06849408 0.0487764,-0.4056555,0.06882656 
0.07610668,-0.4076655,0.05780649 0.09148547,-0.406994,0.0745061 0.09061706,-0.4209521,0.07682264 
0.07610668,-0.4076655,0.05780649 0.09061706,-0.4209521,0.07682264 0.07584541,-0.4237117,0.05891752 
-0.2130987,-0.4129841,-0.005417168 -0.1915635,-0.409762,0.01212364 -0.1892779,-0.431243,0.009085 
-0.2130987,-0.4129841,-0.005417168 -0.1892779,-0.431243,0.009085 -0.2122863,-0.430156,-0.006258607 
0.1817154,-0.2159825,-0.1299317 0.1896587,-0.2087934,0.1446638 0.1717178,-0.2323941,0.1489736 
0.1817154,-0.2159825,-0.1299317 0.1717178,-0.2323941,0.1489736 0.1494086,-0.2582591,-0.1273521 
0.1458635,-0.2122854,0.1530304 0.1618762,-0.1904149,0.1483632 0.1379641,-0.1843069,-0.1312664 
0.1458635,-0.2122854,0.1530304 0.1379641,-0.1843069,-0.1312664 0.1037627,-0.2251015,-0.1293268 
0.1717178,-0.2323941,0.1489736 0.1458635,-0.2122854,0.1530304 0.1037627,-0.2251015,-0.1293268 
0.1717178,-0.2323941,0.1489736 0.1037627,-0.2251015,-0.1293268 0.1287238,-0.2383323,-0.171183 
0.1717178,-0.2323941,0.1489736 0.1287238,-0.2383323,-0.171183 0.1494086,-0.2582591,-0.1273521 
0.1612809,-0.1963382,-0.1749548 0.1379641,-0.1843069,-0.1312664 0.1618762,-0.1904149,0.1483632 
0.1612809,-0.1963382,-0.1749548 0.1618762,-0.1904149,0.1483632 0.1896587,-0.2087934,0.1446638 
0.1612809,-0.1963382,-0.1749548 0.1896587,-0.2087934,0.1446638 0.1817154,-0.2159825,-0.1299317 
0.1800135,-0.2799506,-0.1761128 0.2109113,-0.2416006,-0.1716002 0.1817154,-0.2159825,-0.1299317 
0.1800135,-0.2799506,-0.1761128 0.1817154,-0.2159825,-0.1299317 0.1494086,-0.2582591,-0.1273521 
0.1896587,-0.2087934,0.1446638 0.1618762,-0.1904149,0.1483632 0.1458635,-0.2122854,0.1530304 
0.1896587,-0.2087934,0.1446638 0.1458635,-0.2122854,0.1530304 0.1717178,-0.2323941,0.1489736 
0.1157751,-0.1964495,-0.2066528 0.0990762,-0.1790157,-0.1823703 0.1379641,-0.1843069,-0.1312664 
0.1157751,-0.1964495,-0.2066528 0.1379641,-0.1843069,-0.1312664 0.1612809,-0.1963382,-0.1749548 
0.0990762,-0.1790157,-0.1823703 0.09134209,-0.1931228,-0.1793221 0.1037627,-0.2251015,-0.1293268 
0.0990762,-0.1790157,-0.1823703 0.1037627,-0.2251015,-0.1293268 0.1379641,-0.1843069,-0.1312664 
0.09134209,-0.1931228,-0.1793221 0.1074209,-0.2104232,-0.2041132 0.1287238,-0.2383323,-0.171183 
0.09134209,-0.1931228,-0.1793221 0.1287238,-0.2383323,-0.171183 0.1037627,-0.2251015,-0.1293268 
0.1074209,-0.2104232,-0.2041132 0.1157751,-0.1964495,-0.2066528 0.1612809,-0.1963382,-0.1749548 
0.1074209,-0.2104232,-0.2041132 0.1612809,-0.1963382,-0.1749548 0.1287238,-0.2383323,-0.171183 
0.1074209,-0.2104232,-0.2041132 0.09134209,-0.1931228,-0.1793221 0.0990762,-0.1790157,-0.1823703 
0.1074209,-0.2104232,-0.2041132 0.0990762,-0.1790157,-0.1823703 0.1157751,-0.1964495,-0.2066528 
0.2109113,-0.2416006,-0.1716002 0.1911111,-0.2240966,-0.1983743 0.1612809,-0.1963382,-0.1749548 
0.2109113,-0.2416006,-0.1716002 0.1612809,-0.1963382,-0.1749548 0.1817154,-0.2159825,-0.1299317 
0.1911111,-0.2240966,-0.1983743 0.1610717,-0.2621334,-0.2022746 0.1287238,-0.2383323,-0.171183 
0.1911111,-0.2240966,-0.1983743 0.1287238,-0.2383323,-0.171183 0.1612809,-0.1963382,-0.1749548 
0.1610717,-0.2621334,-0.2022746 0.1800135,-0.2799506,-0.1761128 0.1494086,-0.2582591,-0.1273521 
0.1610717,-0.2621334,-0.2022746 0.1494086,-0.2582591,-0.1273521 0.1287238,-0.2383323,-0.171183 
0.1610717,-0.2621334,-0.2022746 0.1911111,-0.2240966,-0.1983743 0.2109113,-0.2416006,-0.1716002 
0.1610717,-0.2621334,-0.2022746 0.2109113,-0.2416006,-0.1716002 0.1800135,-0.2799506,-0.1761128 
-0.1068724,0.07406741,-0.01651639 -0.1073098,0.1336298,0.01607788 -0.0905683,0.1293896,0.02720451 
-0.1068724,0.07406741,-0.01651639 -0.0905683,0.1293896,0.02720451 -0.08826135,0.04328758,-0.02299845 
-0.1068724,0.07406741,-0.01651639 -0.08826135,0.04328758,-0.02299845 -0.1066744,0.0470956,-0.03127617 
-0.1239259,0.06002489,0.0640344 -0.1186607,0.09283352,0.07222706 -0.1361266,0.09890258,0.06315911 
-0.1239259,0.06002489,0.0640344 -0.1361266,0.09890258,0.06315911 -0.142339,0.06383291,0.05575675 
-0.08826135,0.04328758,-0.02299845 -0.1239259,0.06002489,0.0640344 -0.142339,0.06383291,0.05575675 
-0.08826135,0.04328758,-0.02299845 -0.142339,0.06383291,0.05575675 -0.1325542,0.05924097,0.03187889 
-0.08826135,0.04328758,-0.02299845 -0.1325542,0.05924097,0.03187889 -0.1152423,0.05111647,-0.01036781 
-0.08826135,0.04328758,-0.02299845 -0.1152423,0.05111647,-0.01036781 -0.1066744,0.0470956,-0.03127617 
-0.1149826,0.1357875,0.03130198 -0.1238989,0.1382948,0.04899335 -0.1054859,0.1344868,0.05727106 
-0.1149826,0.1357875,0.03130198 -0.1054859,0.1344868,0.05727106 -0.0905683,0.1293896,0.02720451 
-0.1149826,0.1357875,0.03130198 -0.0905683,0.1293896,0.02720451 -0.1073098,0.1336298,0.01607788 
-0.1152423,0.05111647,-0.01036781 -0.1068724,0.07406741,-0.01651639 -0.1066744,0.0470956,-0.03127617 
-0.0905683,0.1293896,0.02720451 -0.1054859,0.1344868,0.05727106 -0.1186607,0.09283352,0.07222706 
-0.0905683,0.1293896,0.02720451 -0.1186607,0.09283352,0.07222706 -0.1239259,0.06002489,0.0640344 
-0.0905683,0.1293896,0.02720451 -0.1239259,0.06002489,0.0640344 -0.08826135,0.04328758,-0.02299845 
-0.1186607,0.09283352,0.07222706 -0.1054859,0.1344868,0.05727106 -0.1238989,0.1382948,0.04899335 
-0.1186607,0.09283352,0.07222706 -0.1238989,0.1382948,0.04899335 -0.1361266,0.09890258,0.06315911 
-0.1066926,0.09051517,-0.009445548 -0.1073098,0.1336298,0.01607788 -0.1068724,0.07406741,-0.01651639 
-0.1294758,0.09231532,0.04222965 -0.1361266,0.09890258,0.06315911 -0.1238989,0.1382948,0.04899335 
-0.1294758,0.09231532,0.04222965 -0.1238989,0.1382948,0.04899335 -0.1149826,0.1357875,0.03130198 
-0.1294758,0.09231532,0.04222965 -0.1325542,0.05924097,0.03187889 -0.142339,0.06383291,0.05575675 
-0.1294758,0.09231532,0.04222965 -0.142339,0.06383291,0.05575675 -0.1361266,0.09890258,0.06315911 
-0.1077178,0.1050566,-0.001440525 -0.1071235,0.1213101,0.0101307 -0.1073098,0.1336298,0.01607788 
-0.1077178,0.1050566,-0.001440525 -0.1073098,0.1336298,0.01607788 -0.1066926,0.09051517,-0.009445548 
-0.1155416,0.08554476,0.005239844 -0.1201116,0.08771551,0.01490194 -0.1191775,0.09547141,0.01733786 
-0.1155416,0.08554476,0.005239844 -0.1191775,0.09547141,0.01733786 -0.1151525,0.1055091,0.01492906 
-0.1155416,0.08554476,0.005239844 -0.1151525,0.1055091,0.01492906 -0.1071235,0.1213101,0.0101307 
-0.1155416,0.08554476,0.005239844 -0.1071235,0.1213101,0.0101307 -0.1077178,0.1050566,-0.001440525 
-0.1151149,0.1146113,0.02255249 -0.1149826,0.1357875,0.03130198 -0.1073098,0.1336298,0.01607788 
-0.1151149,0.1146113,0.02255249 -0.1246004,0.08930272,0.02913427 -0.1294758,0.09231532,0.04222965 
-0.1151149,0.1146113,0.02255249 -0.1294758,0.09231532,0.04222965 -0.1149826,0.1357875,0.03130198 
-0.1246004,0.08930272,0.02913427 -0.1268443,0.06974769,0.0232479 -0.1325542,0.05924097,0.03187889 
-0.1246004,0.08930272,0.02913427 -0.1325542,0.05924097,0.03187889 -0.1294758,0.09231532,0.04222965 
-0.1268443,0.06974769,0.0232479 -0.1161326,0.06428608,-0.001354218 -0.1152423,0.05111647,-0.01036781 
-0.1268443,0.06974769,0.0232479 -0.1152423,0.05111647,-0.01036781 -0.1325542,0.05924097,0.03187889 
-0.1161326,0.06428608,-0.001354218 -0.1066926,0.09051517,-0.009445548 -0.1068724,0.07406741,-0.01651639 
-0.1161326,0.06428608,-0.001354218 -0.1068724,0.07406741,-0.01651639 -0.1152423,0.05111647,-0.01036781 
-0.1071235,0.1213101,0.0101307 -0.1151525,0.1055091,0.01492906 -0.1151149,0.1146113,0.02255249 
-0.1071235,0.1213101,0.0101307 -0.1151149,0.1146113,0.02255249 -0.1073098,0.1336298,0.01607788 
-0.1151525,0.1055091,0.01492906 -0.1191775,0.09547141,0.01733786 -0.1246004,0.08930272,0.02913427 
-0.1151525,0.1055091,0.01492906 -0.1246004,0.08930272,0.02913427 -0.1151149,0.1146113,0.02255249 
-0.1191775,0.09547141,0.01733786 -0.1201116,0.08771551,0.01490194 -0.1268443,0.06974769,0.0232479 
-0.1191775,0.09547141,0.01733786 -0.1268443,0.06974769,0.0232479 -0.1246004,0.08930272,0.02913427 
-0.1201116,0.08771551,0.01490194 -0.1155416,0.08554476,0.005239844 -0.1161326,0.06428608,-0.001354218 
-0.1201116,0.08771551,0.01490194 -0.1161326,0.06428608,-0.001354218 -0.1268443,0.06974769,0.0232479 
-0.1155416,0.08554476,0.005239844 -0.1077178,0.1050566,-0.001440525 -0.1066926,0.09051517,-0.009445548 
-0.1155416,0.08554476,0.005239844 -0.1066926,0.09051517,-0.009445548 -0.1161326,0.06428608,-0.001354218 
0.03225243,0.04322356,0.005120635 0.01189261,0.04056472,0.004437029 -0.003233641,0.127422,0.05097991 
0.03225243,0.04322356,0.005120635 -0.003233641,0.127422,0.05097991 0.0169038,0.1305432,0.04837197 
0.03225243,0.04322356,0.005120635 0.0169038,0.1305432,0.04837197 0.02746842,0.0704402,0.0186016 
0.02693288,0.05980587,0.0990544 0.02009172,0.09529799,0.1031501 0.0001059845,0.09034756,0.1035812 
0.02693288,0.05980587,0.0990544 0.0001059845,0.09034756,0.1035812 0.006573036,0.05714694,0.09837079 
0.03225243,0.04322356,0.005120635 0.03097451,0.04720724,0.02768683 0.02839233,0.05525646,0.07328326 
0.03225243,0.04322356,0.005120635 0.02839233,0.05525646,0.07328326 0.02693288,0.05980587,0.0990544 
0.03225243,0.04322356,0.005120635 0.02693288,0.05980587,0.0990544 0.006573036,0.05714694,0.09837079 
0.03225243,0.04322356,0.005120635 0.006573036,0.05714694,0.09837079 0.01189261,0.04056472,0.004437029 
0.0169038,0.1305432,0.04837197 -0.003233641,0.127422,0.05097991 -0.002781898,0.132329,0.08456898 
0.0169038,0.1305432,0.04837197 -0.002781898,0.132329,0.08456898 0.01757792,0.134988,0.08525258 
0.0169038,0.1305432,0.04837197 0.01757792,0.134988,0.08525258 0.01721561,0.132599,0.06543005 
0.03225243,0.04322356,0.005120635 0.02746842,0.0704402,0.0186016 0.03097451,0.04720724,0.02768683 
0.01189261,0.04056472,0.004437029 0.006573036,0.05714694,0.09837079 0.0001059845,0.09034756,0.1035812 
0.01189261,0.04056472,0.004437029 0.0001059845,0.09034756,0.1035812 -0.002781898,0.132329,0.08456898 
0.01189261,0.04056472,0.004437029 -0.002781898,0.132329,0.08456898 -0.003233641,0.127422,0.05097991 
0.02009172,0.09529799,0.1031501 0.01757792,0.134988,0.08525258 -0.002781898,0.132329,0.08456898 
0.02009172,0.09529799,0.1031501 -0.002781898,0.132329,0.08456898 0.0001059845,0.09034756,0.1035812 
0.02746842,0.0704402,0.0186016 0.0169038,0.1305432,0.04837197 0.0251295,0.08701411,0.02495718 
0.01721561,0.132599,0.06543005 0.01757792,0.134988,0.08525258 0.02009172,0.09529799,0.1031501 
0.01721561,0.132599,0.06543005 0.02009172,0.09529799,0.1031501 0.0229527,0.08865014,0.08139497 
0.02009172,0.09529799,0.1031501 0.02693288,0.05980587,0.0990544 0.02839233,0.05525646,0.07328326 
0.02009172,0.09529799,0.1031501 0.02839233,0.05525646,0.07328326 0.0229527,0.08865014,0.08139497 
0.0251295,0.08701411,0.02495718 0.0169038,0.1305432,0.04837197 0.01865397,0.1181329,0.04288578 
0.0251295,0.08701411,0.02495718 0.01865397,0.1181329,0.04288578 0.02335279,0.1016398,0.03267187 
0.02335279,0.1016398,0.03267187 0.01865397,0.1181329,0.04288578 0.02285154,0.102029,0.05064517 
0.02335279,0.1016398,0.03267187 0.02285154,0.102029,0.05064517 0.0248348,0.09184298,0.05452716 
0.02335279,0.1016398,0.03267187 0.0248348,0.09184298,0.05452716 0.02630442,0.0840008,0.05271047 
0.02335279,0.1016398,0.03267187 0.02630442,0.0840008,0.05271047 0.02632991,0.08188009,0.0420121 
0.0169038,0.1305432,0.04837197 0.01721561,0.132599,0.06543005 0.01998243,0.1112728,0.05752176 
0.01721561,0.132599,0.06543005 0.0229527,0.08865014,0.08139497 0.0241652,0.08563566,0.06747454 
0.01721561,0.132599,0.06543005 0.0241652,0.08563566,0.06747454 0.01998243,0.1112728,0.05752176 
0.0229527,0.08865014,0.08139497 0.02839233,0.05525646,0.07328326 0.0276588,0.06587407,0.06307465 
0.0229527,0.08865014,0.08139497 0.0276588,0.06587407,0.06307465 0.0241652,0.08563566,0.06747454 
0.02839233,0.05525646,0.07328326 0.03097451,0.04720724,0.02768683 0.0285563,0.06049085,0.03624094 
0.02839233,0.05525646,0.07328326 0.0285563,0.06049085,0.03624094 0.0276588,0.06587407,0.06307465 
0.03097451,0.04720724,0.02768683 0.02746842,0.0704402,0.0186016 0.0251295,0.08701411,0.02495718 
0.03097451,0.04720724,0.02768683 0.0251295,0.08701411,0.02495718 0.0285563,0.06049085,0.03624094 
0.0169038,0.1305432,0.04837197 0.01998243,0.1112728,0.05752176 0.02285154,0.102029,0.05064517 
0.0169038,0.1305432,0.04837197 0.02285154,0.102029,0.05064517 0.01865397,0.1181329,0.04288578 
0.01998243,0.1112728,0.05752176 0.0241652,0.08563566,0.06747454 0.0248348,0.09184298,0.05452716 
0.01998243,0.1112728,0.05752176 0.0248348,0.09184298,0.05452716 0.02285154,0.102029,0.05064517 
0.0241652,0.08563566,0.06747454 0.0276588,0.06587407,0.06307465 0.02630442,0.0840008,0.05271047 
0.0241652,0.08563566,0.06747454 0.02630442,0.0840008,0.05271047 0.0248348,0.09184298,0.05452716 
0.0276588,0.06587407,0.06307465 0.0285563,0.06049085,0.03624094 0.02632991,0.08188009,0.0420121 
0.0276588,0.06587407,0.06307465 0.02632991,0.08188009,0.0420121 0.02630442,0.0840008,0.05271047 
0.0285563,0.06049085,0.03624094 0.0251295,0.08701411,0.02495718 0.02335279,0.1016398,0.03267187 
0.0285563,0.06049085,0.03624094 0.02335279,0.1016398,0.03267187 0.02632991,0.08188009,0.0420121 
